image1: []
image1: []
image2: []
image1: []
image1: []
image2: []
image3: []
image4: []
image5: []
image6: []
image7: []
image8: [[79, (938, 636)], [67, (1152, 435)], [65, (752, 541)], [51, (1021, 783)], [46, (729, 771)], [39, (916, 449)], [29, (949, 642)]]
image9: [[94, (941, 501)], [76, (932, 733)], [74, (652, 464)], [73, (693, 726)], [26, (934, 505)]]
image10: []
image11: []
image12: []
image13: [[118, (672, 597)], [89, (907, 579)], [86, (539, 834)], [80, (424, 907)], [72, (484, 493)], [71, (1015, 811)], [54, (424, 761)], [34, (1140, 449)], [27, (533, 828)], [27, (882, 578)], [26, (1010, 807)]]
image14: [[90, (869, 419)], [68, (687, 577)], [64, (708, 830)], [63, (924, 699)]]
image15: [[84, (636, 647)], [79, (689, 855)], [76, (925, 784)], [73, (896, 585)], [35, (782, 671)], [35, (740, 472)], [34, (782, 452)], [28, (691, 861)], [27, (646, 660)]]
image1: [[118, (672, 597)], [89, (907, 579)], [86, (539, 834)], [80, (424, 907)], [72, (484, 493)], [71, (1015, 811)], [54, (424, 761)], [34, (1140, 449)], [27, (533, 828)], [27, (882, 578)], [26, (1010, 807)]]
image2: [[90, (869, 419)], [68, (687, 577)], [64, (708, 830)], [63, (924, 699)]]
image3: [[84, (636, 647)], [79, (689, 855)], [76, (925, 784)], [73, (896, 585)], [35, (782, 671)], [35, (740, 472)], [34, (782, 452)], [28, (691, 861)], [27, (646, 660)]]
image1: [[118, (672, 597)], [89, (907, 579)], [86, (539, 834)], [80, (424, 907)], [72, (484, 493)], [71, (1015, 811)], [54, (424, 761)], [34, (1140, 449)], [27, (533, 828)], [27, (882, 578)], [26, (1010, 807)]]
image2: [[90, (869, 419)], [68, (687, 577)], [64, (708, 830)], [63, (924, 699)]]
image3: [[84, (636, 647)], [79, (689, 855)], [76, (925, 784)], [73, (896, 585)], [35, (782, 671)], [35, (740, 472)], [34, (782, 452)], [28, (691, 861)], [27, (646, 660)]]
image1: [[38, (1169, 386)]]
