image1:[]
image1:[]
image2:[]
image1:[]
image1:[]
image2:[]
image3:[]
image4:[]
image5:[]
image6:[]
image7:[]
image8:[[(686, 744), (774, 809)], [(981, 733), (1057, 834)], [(889, 565), (1014, 705)], [(928, 613), (960, 673)], [(693, 484), (798, 601)], [(890, 414), (944, 489)], [(1120, 376), (1186, 496)]]
image9:[[(859, 681), (1004, 810)], [(641, 661), (749, 795)], [(860, 418), (1012, 585)], [(928, 480), (957, 532)], [(582, 407), (724, 523)]]
image10:[]
image11:[]
image12:[]
image13:[[(362, 848), (481, 971)], [(472, 750), (619, 920)], [(517, 803), (561, 855)], [(948, 749), (1075, 873)], [(984, 786), (1037, 820)], [(397, 708), (471, 815)], [(590, 507), (770, 690)], [(831, 503), (977, 652)], [(857, 552), (898, 605)], [(444, 421), (511, 567)], [(1120, 420), (1163, 481)]]
image14:[[(649, 767), (771, 887)], [(879, 641), (979, 763)], [(625, 511), (749, 637)], [(779, 353), (934, 509)]]
image15:[[(618, 776), (767, 931)], [(669, 835), (714, 890)], [(852, 709), (973, 861)], [(748, 639), (799, 705)], [(558, 563), (717, 722)], [(619, 636), (673, 673)], [(824, 512), (970, 639)], [(705, 456), (775, 508)], [(748, 448), (818, 458)]]
image1:[[(362, 848), (481, 971)], [(472, 750), (619, 920)], [(517, 803), (561, 855)], [(948, 749), (1075, 873)], [(984, 786), (1037, 820)], [(397, 708), (471, 815)], [(590, 507), (770, 690)], [(831, 503), (977, 652)], [(857, 552), (898, 605)], [(444, 421), (511, 567)], [(1120, 420), (1163, 481)]]
image2:[[(649, 767), (771, 887)], [(879, 641), (979, 763)], [(625, 511), (749, 637)], [(779, 353), (934, 509)]]
image3:[[(618, 776), (767, 931)], [(669, 835), (714, 890)], [(852, 709), (973, 861)], [(748, 639), (799, 705)], [(558, 563), (717, 722)], [(619, 636), (673, 673)], [(824, 512), (970, 639)], [(705, 456), (775, 508)], [(748, 448), (818, 458)]]
image1:[[(362, 848), (481, 971)], [(472, 750), (619, 920)], [(517, 803), (561, 855)], [(948, 749), (1075, 873)], [(984, 786), (1037, 820)], [(397, 708), (471, 815)], [(590, 507), (770, 690)], [(831, 503), (977, 652)], [(857, 552), (898, 605)], [(444, 421), (511, 567)], [(1120, 420), (1163, 481)]]
image2:[[(649, 767), (771, 887)], [(879, 641), (979, 763)], [(625, 511), (749, 637)], [(779, 353), (934, 509)]]
image3:[[(618, 776), (767, 931)], [(669, 835), (714, 890)], [(852, 709), (973, 861)], [(748, 639), (799, 705)], [(558, 563), (717, 722)], [(619, 636), (673, 673)], [(824, 512), (970, 639)], [(705, 456), (775, 508)], [(748, 448), (818, 458)]]
image1:[[(1140, 349), (1206, 426)]]
