image1:
image1:
image2:
image1:
image1:
image2:
image3:
image4:
image5:
image6:
image7:
image8:1976, 4051, 8223, 207, 6319, 1496, 3772
image9:10911, 9482, 10288, 320, 9021
image10:
image11:
image12:
image13:1742, 11692, 236, 8111, 204, 2140, 17718, 12532, 488, 2039, 1158
image14:8467, 7953, 9321, 10094
image15:12643, 599, 11023, 1006, 14553, 190, 10278, 910, 88
image1:1742, 11692, 236, 8111, 204, 2140, 17718, 12532, 488, 2039, 1158
image2:8467, 7953, 9321, 10094
image3:12643, 599, 11023, 1006, 14553, 190, 10278, 910, 88
image1:1742, 11692, 236, 8111, 204, 2140, 17718, 12532, 488, 2039, 1158
image2:8467, 7953, 9321, 10094
image3:12643, 599, 11023, 1006, 14553, 190, 10278, 910, 88
image1:2324
